{
  "factors": [
    "amihud_20d",
    "gap_5d",
    "动量10d",
    "reversal_5d",
    "turnover_rev_5d",
    "BP比率",
    "规模"
  ],
  "factor_keys": [
    "amihud_20d",
    "gap_5d",
    "momentum_10d",
    "reversal_5d",
    "turnover_rev_5d",
    "bp_ratio",
    "size"
  ],
  "ic": [
    0.0253,
    0.0426,
    -0.0144,
    -0.0177,
    0.0118,
    0.0618,
    0.0444
  ],
  "ic_ir": [
    0.24,
    0.36,
    -0.09,
    -0.12,
    0.09,
    0.26,
    0.33
  ],
  "decay": {
    "amihud_20d": [
      0.0253,
      0.0611,
      0.1595
    ],
    "gap_5d": [
      0.0426,
      0.0503,
      0.088
    ],
    "动量10d": [
      -0.0144,
      -0.0446,
      -0.0824
    ],
    "reversal_5d": [
      -0.0177,
      -0.036,
      -0.0512
    ],
    "turnover_rev_5d": [
      0.0118,
      -0.0012,
      -0.0028
    ],
    "BP比率": [
      0.0618,
      0.1613,
      0.3451
    ],
    "规模": [
      0.0444,
      0.0883,
      0.1604
    ]
  },
  "corr": [
    [
      1.0,
      0.0215,
      -0.0284,
      -0.0419,
      -0.0236,
      -0.0079,
      -0.6534
    ],
    [
      0.0215,
      1.0,
      -0.1843,
      -0.3154,
      -0.1225,
      0.0451,
      0.0643
    ],
    [
      -0.0284,
      -0.1843,
      1.0,
      0.7096,
      0.5602,
      -0.2194,
      -0.1089
    ],
    [
      -0.0419,
      -0.3154,
      0.7096,
      1.0,
      0.4068,
      -0.1613,
      -0.0857
    ],
    [
      -0.0236,
      -0.1225,
      0.5602,
      0.4068,
      1.0,
      -0.0235,
      -0.1062
    ],
    [
      -0.0079,
      0.0451,
      -0.2194,
      -0.1613,
      -0.0235,
      1.0,
      0.262
    ],
    [
      -0.6534,
      0.0643,
      -0.1089,
      -0.0857,
      -0.1062,
      0.262,
      1.0
    ]
  ],
  "meta": {
    "amihud_20d": {
      "display": "amihud_20d",
      "category": "未知",
      "source": "—",
      "n_periods": 80
    },
    "gap_5d": {
      "display": "gap_5d",
      "category": "未知",
      "source": "—",
      "n_periods": 88
    },
    "momentum_10d": {
      "display": "动量10d",
      "category": "动量",
      "source": "Jegadeesh & Titman (1993)",
      "n_periods": 88
    },
    "reversal_5d": {
      "display": "reversal_5d",
      "category": "未知",
      "source": "—",
      "n_periods": 88
    },
    "turnover_rev_5d": {
      "display": "turnover_rev_5d",
      "category": "未知",
      "source": "—",
      "n_periods": 84
    },
    "bp_ratio": {
      "display": "BP比率",
      "category": "价值",
      "source": "Fama & French (1992)",
      "n_periods": 89
    },
    "size": {
      "display": "规模",
      "category": "规模",
      "source": "Fama & French (1993)",
      "n_periods": 89
    }
  },
  "cached_at": "2026-07-03T12:35:20.355914"
}